SORTING ALGORITHM STATISTICS COMPARISON
========================================================================================================================

Size       Algorithm       Time (s)        Comparisons          Swaps/Writes         Aux Memory      Recursion   
------------------------------------------------------------------------------------------------------------------------
5          Merge Sort      0.000014600     8                    12                   5               3           
           Bubble Sort     0.000005700     10                   5                    1               0           

10         Merge Sort      0.000048600     23                   34                   10              4           
           Bubble Sort     0.000010600     42                   27                   1               0           

25         Merge Sort      0.000102000     89                   118                  25              5           
           Bubble Sort     0.000103300     294                  150                  1               0           

50         Merge Sort      0.000099700     223                  286                  50              6           
           Bubble Sort     0.000138300     1,159                605                  1               0           

100        Merge Sort      0.000167400     545                  672                  100             7           
           Bubble Sort     0.000603500     4,905                2,520                1               0           

250        Merge Sort      0.000422600     1,667                1,994                250             8           
           Bubble Sort     0.004879000     31,089               16,368               1               0           

500        Merge Sort      0.000969400     3,855                4,488                500             9           
           Bubble Sort     0.016333000     123,804              62,962               1               0           

750        Merge Sort      0.001605200     6,236                7,226                750             10          
           Bubble Sort     0.038325300     279,164              143,752              1               0           

1000       Merge Sort      0.002097400     8,692                9,976                1,000           10          
           Bubble Sort     0.070768000     499,122              257,153              1               0           

1500       Merge Sort      0.004262700     13,937               15,952               1,500           11          
           Bubble Sort     0.167965300     1,123,389            578,243              1               0           

2000       Merge Sort      0.005065900     19,411               21,952               2,000           11          
           Bubble Sort     0.314441000     1,997,109            1,003,342            1               0           

3000       Merge Sort      0.007868700     30,884               34,904               3,000           12          
           Bubble Sort     0.723348400     4,497,510            2,256,098            1               0           

4000       Merge Sort      0.010602800     42,851               47,904               4,000           12          
           Bubble Sort     1.305645400     7,997,010            4,038,759            1               0           

5000       Merge Sort      0.015366400     55,210               61,808               5,000           13          
           Bubble Sort     2.073267800     12,494,014           6,291,456            1               0           

